Br = 0.011804134771154324
Ia_max = 41.13427598516945
Jr = 0.011
Ke = 1.6207084012054243
Kt = 2.4310626018081365
Ld = 0.014100000000000001
Lq = 0.014100000000000001
P = 4.0
Rs = 0.65
Tn = 35
Vpk_krpm = 293.9639867715454
tau_shaft = 0.9318768561403261
wn = 157.07963267948966
Bl = 2.830291088800331
Jl = 10.851700220631857
Kc = 400.0
Kg = 10
Ko = 252.00000000000003
Kpi_d = 6.19875
Kpi_q = 0.48825000000000013
Kpp = 0.4
Kpp_ = 0.8
Kpv = 0.6221092878500837
Ksi = 0.011111111111111112
Ksp = 0.008333333333333333
Ksv = 0.02
Tii_d = 0.00013157520695461318
Tii_q = 0.013157520695461321
Tip = 0.7823667466053139
Tiv = 0.150781005834604
Vcc = 650
Vtpp = 3.25
fs = 2000
tau_zi_d = 0.0008156018141099085
tau_zi_q = 0.006424159479558992
tau_zp = 0.6258933972842512
tau_zv = 0.09380226416108481
