Br = 0.4495829324664151
Ia_max = 263.4097704802452
Jr = 2.42
Ke = 2.718198336738225
Kt = 4.077297505107337
Ld = 0.001425
Lq = 0.001425
P = 6.0
Rs = 0.012
Vpk_krpm = 493.0266415038299
tau_shaft = 5.382766615991988
Bl = 31.8
Jl = 120
Kc = 400.0
Kg = 10
Kpi_d = 0.63855
Kpi_q = 0.061425
Kpp = 0.4
Kpv = 11.147461322952083
Ksi = 0.011111111111111112
Ksp = 0.008333333333333333
Ksv = 0.02
Tii_d = 0.001301902047761436
Tii_q = 0.1301902047761436
Tiv = 0.00846136490085899
Vcc = 650
Vtpp = 3.25
fs = 1000
tau_zi_d = 0.000831329552598065
tau_zi_q = 0.00799693332837462
tau_zv = 0.09432273797170988
