Br: 0.011804134771154324
Ia_max: 41.13427598516945
Jr: 0.011
Ke: 1.6207084012054243
Kt: 2.4310626018081365
Ld: 0.014100000000000001
Lq: 0.014100000000000001
P: 4.0
Rs: 0.65
Tn: 35
Vpk_krpm: 293.9639867715454
tau_shaft: 0.9318768561403261
wn: 157.07963267948966
