estimated_parameters:
  Br: 0.4495829324664151
  Ke: 2.718198336738225
  Kt: 4.077297505107337
  Ld: 0.001425
  Lq: 0.001425
  P: 6.0
  Vpk_krpm: 493.0266415038299
  tau_shaft: 5.382766615991988
provided_parameters:
  Jr: 2.42
  Rs: 0.012
